1008	100	349.538
1008	109	294.771
1008	119	272.301
1008	129	237.124
1008	140	200.885
1008	153	167.623
1008	166	145.267
1008	181	119.383
1008	197	95.75
1008	214	74.629
1008	233	54.812
1008	254	41.289
1008	276	28.663
1008	301	17.949
1008	327	8.609
1008	356	3.281
1008	388	0.802
1008	422	0.066
1008	459	0.001
1008	500	0.0
1138	100	502.214
1138	109	440.738
1138	119	383.272
1138	129	334.683
1138	140	290.488
1138	153	246.871
1138	166	199.243
1138	181	168.495
1138	197	134.64
1138	214	110.587
1138	233	88.758
1138	254	68.175
1138	276	50.932
1138	301	36.606
1138	327	23.829
1138	356	13.857
1138	388	6.234
1138	422	1.917
1138	459	0.322
1138	500	0.007
1284	100	693.874
1284	109	626.533
1284	119	553.788
1284	129	481.626
1284	140	413.589
1284	153	375.547
1284	166	309.043
1284	181	248.903
1284	197	205.674
1284	214	167.318
1284	233	131.259
1284	254	100.455
1284	276	78.97
1284	301	58.696
1284	327	42.986
1284	356	29.494
1284	388	19.494
1284	422	10.01
1284	459	3.994
1284	500	0.91
1450	100	897.07
1450	109	777.505
1450	119	719.579
1450	129	631.496
1450	140	573.202
1450	153	481.92
1450	166	424.08
1450	181	357.819
1450	197	306.892
1450	214	235.276
1450	233	201.219
1450	254	154.026
1450	276	119.445
1450	301	92.496
1450	327	66.721
1450	356	49.729
1450	388	35.195
1450	422	23.735
1450	459	14.163
1450	500	7.179
1637	100	959.567
1637	109	870.391
1637	119	799.036
1637	129	717.343
1637	140	639.362
1637	153	559.191
1637	166	505.182
1637	181	431.991
1637	197	374.811
1637	214	323.081
1637	233	261.847
1637	254	208.373
1637	276	173.392
1637	301	137.61
1637	327	107.334
1637	356	79.524
1637	388	57.184
1637	422	39.92
1637	459	27.162
1637	500	17.095
1848	100	863.481
1848	109	816.571
1848	119	741.206
1848	129	706.37
1848	140	615.356
1848	153	573.912
1848	166	505.08
1848	181	452.499
1848	197	397.327
1848	214	353.339
1848	233	302.555
1848	254	244.527
1848	276	208.791
1848	301	172.055
1848	327	136.888
1848	356	110.613
1848	388	83.044
1848	422	63.355
1848	459	43.831
1848	500	29.689
2086	100	685.832
2086	109	650.297
2086	119	618.399
2086	129	583.852
2086	140	532.205
2086	153	484.561
2086	166	446.086
2086	181	410.136
2086	197	366.51
2086	214	329.326
2086	233	280.977
2086	254	248.611
2086	276	214.49
2086	301	184.034
2086	327	150.444
2086	356	127.645
2086	388	101.596
2086	422	80.392
2086	459	59.385
2086	500	45.145
2354	100	465.412
2354	109	441.36
2354	119	436.375
2354	129	401.444
2354	140	390.2
2354	153	365.242
2354	166	336.223
2354	181	311.949
2354	197	290.14
2354	214	258.361
2354	233	233.083
2354	254	211.458
2354	276	189.411
2354	301	160.023
2354	327	144.128
2354	356	121.948
2354	388	101.301
2354	422	86.343
2354	459	70.133
2354	500	52.313
2658	100	268.511
2658	109	259.307
2658	119	256.657
2658	129	243.801
2658	140	231.522
2658	153	230.308
2658	166	222.432
2658	181	209.128
2658	197	192.345
2658	214	184.936
2658	233	170.946
2658	254	152.886
2658	276	146.881
2658	301	122.714
2658	327	116.719
2658	356	98.261
2658	388	84.795
2658	422	72.515
2658	459	62.804
2658	500	51.083
3000	100	129.757
3000	109	132.045
3000	119	126.627
3000	129	126.816
3000	140	124.156
3000	153	123.22
3000	166	122.185
3000	181	113.478
3000	197	114.354
3000	214	108.08
3000	233	101.649
3000	254	92.946
3000	276	88.736
3000	301	81.979
3000	327	75.893
3000	356	68.698
3000	388	62.767
3000	422	52.226
3000	459	45.95
3000	500	40.351
300	100	0.243
300	109	0.072
300	119	0.01
300	129	0.0
300	140	0.0
300	153	0.0
300	166	0.0
300	181	0.001
300	197	0.002
300	214	0.003
300	233	0.004
300	254	0.003
300	276	0.002
300	301	0.002
300	327	0.001
300	356	0.001
300	388	0.001
300	422	0.0
300	459	0.0
300	500	0.0
339	100	1.45
339	109	0.679
339	119	0.21
339	129	0.048
339	140	0.004
339	153	0.0
339	166	0.0
339	181	0.0
339	197	0.0
339	214	0.002
339	233	0.003
339	254	0.004
339	276	0.003
339	301	0.002
339	327	0.001
339	356	0.001
339	388	0.001
339	422	0.001
339	459	0.0
339	500	0.0
382	100	4.786
382	109	2.775
382	119	1.321
382	129	0.536
382	140	0.135
382	153	0.022
382	166	0.001
382	181	0.0
382	197	0.0
382	214	0.0
382	233	0.001
382	254	0.003
382	276	0.004
382	301	0.004
382	327	0.003
382	356	0.002
382	388	0.001
382	422	0.001
382	459	0.001
382	500	0.0
432	100	12.912
432	109	8.935
432	119	5.155
432	129	2.756
432	140	1.287
432	153	0.382
432	166	0.078
432	181	0.004
432	197	0.0
432	214	0.0
432	233	0.0
432	254	0.001
432	276	0.003
432	301	0.005
432	327	0.004
432	356	0.003
432	388	0.002
432	422	0.001
432	459	0.001
432	500	0.001
487	100	27.272
487	109	20.72
487	119	14.708
487	129	9.283
487	140	5.148
487	153	2.743
487	166	0.968
487	181	0.229
487	197	0.029
487	214	0.0
487	233	0.0
487	254	0.0
487	276	0.001
487	301	0.003
487	327	0.004
487	356	0.004
487	388	0.003
487	422	0.002
487	459	0.001
487	500	0.001
550	100	53.299
550	109	40.96
550	119	32.246
550	129	23.5
550	140	16.363
550	153	9.746
550	166	4.88
550	181	1.982
550	197	0.612
550	214	0.11
550	233	0.007
550	254	0.0
550	276	0.0
550	301	0.0
550	327	0.002
550	356	0.005
550	388	0.005
550	422	0.004
550	459	0.002
550	500	0.001
621	100	85.399
621	109	73.817
621	119	56.749
621	129	46.443
621	140	35.702
621	153	24.29
621	166	16.743
621	181	8.51
621	197	3.914
621	214	1.432
621	233	0.382
621	254	0.044
621	276	0.001
621	301	0.0
621	327	0.0
621	356	0.001
621	388	0.004
621	422	0.005
621	459	0.004
621	500	0.003
701	100	134.168
701	109	109.487
701	119	94.316
701	129	75.362
701	140	64.701
701	153	48.135
701	166	36.16
701	181	23.547
701	197	13.546
701	214	7.627
701	233	3.221
701	254	1.042
701	276	0.186
701	301	0.007
701	327	0.0
701	356	0.0
701	388	0.001
701	422	0.003
701	459	0.005
701	500	0.005
791	100	193.067
791	109	166.44
791	119	144.954
791	129	121.836
791	140	98.329
791	153	80.921
791	166	63.883
791	181	46.662
791	197	33.355
791	214	20.977
791	233	12.513
791	254	6.603
791	276	2.446
791	301	0.572
791	327	0.057
791	356	0.001
791	388	0.0
791	422	0.0
791	459	0.002
791	500	0.005
893	100	253.8
893	109	227.25
893	119	202.342
893	129	173.39
893	140	144.537
893	153	126.025
893	166	102.384
893	181	80.138
893	197	58.804
893	214	44.916
893	233	30.229
893	254	19.397
893	276	10.916
893	301	4.815
893	327	1.565
893	356	0.244
893	388	0.008
893	422	0.0
893	459	0.0
893	500	0.002
